514298673768435921923176548396527814172684395845913762457362189639841257281759436
694238517517964823328175496751893264432516978869427135275681349946352781183749652
349861572128957436765324981692478315437615829581239764273596148856143297914782653
925413786738692145146857239687139452359284617412576893273941568561328974894765321
619527384283641957475893216341968725792135468568274139124756893936482571857319642
631548927742193685895762134429351876368974512157286349286419753973825461514637298
316987245982415376754623891873241659691358724245796138128539467537864912469172583
359467128478231965612589743186754239945312876723896451231945687594678312867123594
376952418419678235528341976862513794743829651951764382695287143187436529234195867
723954618198763542564128937417285369632419875859637124371892456945376281286541793
814732956679485132532691487281946375345827691796153824163278549457319268928564713
375261489941583267682947513538416972197352648264798135753624891419875326826139754
426357981379168542581429736813274695264593178957681423735912864648735219192846357
835146279247953186916728534129384765578691342364572891792865413483219657651437928
182796453569314278374582691493158726857263914216947385728435169935671842641829537
539871246167324589284659317652917438473285961918463752721538694895746123346192875
845671293173492685926358174497216538658937412231845769719523846584769321362184957
246935178915768423837412965754829631168374259392651784421586397579243816683197542
436127895527489163981356724653742981714968352298531647849213576162875439375694218
856731924413926578297584631738415269641293785925867143382659417564178392179342856
498753612213486957657192384581347296329865741764219835846971523972534168135628479
473896152198235476652471893531762948849513267267948531914627385386159724725384619
325941687461857923789326541572684319896513472134279856618432795243795168957168234
543962781162784359798351462285419673417536928639278514976823145854197236321645897
859764132432185976716932548527418369381659724694327851978243615263591487145876293
769581423583462179142973856927138564814756932635249781398615247451327698276894315
315289467649375128782614953864537219127948536953126874538792641476851392291463785
673512849945837621821964537182459763394176285756328914539281476468793152217645398
472859361358162794916347852769218435143596278285473916597684123821935647634721589
541926873739485216286713954824357169613249587957168432198674325362591748475832691
874512936361749852259368174782931465615874329943256718436185297597423681128697543
476395821892716435135248976628159743543687192719432658284571369967823514351964287
768243159941586732532971684283164975159728463476395218695812347324657891817439526
394758216216349578587216439928134657735962184461875923843591762179623845652487391
682937451431562978957814236346298715728451369195376842263149587814725693579683124
178365492594728631632914578786439125251687349943152867317596284425873916869241753
726419583915387426843526791674235918159678234238941675492853167581762349367194852
958173264723469158164285397519327486372648915486951732241836579837592641695714823
917843526423569178658712934194326785276185349835974612742651893361498257589237461
693254871852617934417983256245139687931768425768542193129475368586391742374826519
419672835568934127732815649194326578853749216627158394971583462345267981286491753
473589612629413857815762943391825764754196238268347195536271489187954326942638571
138527694479861523526943178762354981894712365315689247951476832687235419243198756
715986243489312576326754918653897124241635897897421635978263451564179382132548769
231946587765823914894715623142539768389672145657481239476298351518367492923154876
294173658631845279875269431129387564453926817768514923342691785916758342587432196
258791634739456812416382759964578321582163947371924568145839276823647195697215483
321975846956418237487236519213754698869321754574869321795642183642183975138597462
986527341517483692234196578621834759853679214749251836398742165172965483465318927
728645193614793825359128647132469758487352961596817234943281576875936412261574389
196728453583461972742359861475832619621947538839516724264195387957283146318674295
276359184159748326384261759745932861812674935693815472521487693468593217937126548
792846153861537429534921786945372618278615934613489572387164295156293847429758361
281376495679524318534198267467912853123845976958763124316459782892637541745281639
134729568267358491895164372941583726652471839378692145529847613483216957716935284
368925147751463289942187365234659718179348526586712493827591634415836972693274851
943721865618549723275638914391264578587193642462875391134956287756482139829317456
742859613583621947169743285394285761675194328218376459936418572857962134421537896
296371854153842796874956213731265948462189375985437621519623487328714569647598132
682531497195472368734689512418925673967318254523764189276193845849256731351847926
153247689769538241284961573936724815428153967517896432691382754875419326342675198
465831792829754361371692845734286159518947623692315487187569234943128576256473918
137845962428697315569123748384572691712936854695418237253764189946281573871359426
176235489938174625425869317869457231317628954254391768792513846583746192641982573
932874615475162938861935427786241359154398276329657184243586791517429863698713542
751823946834967512692145387975634128463218795218579634146352879329786451587491263
217836495934527168586194237869715324172943856345682719498361572723459681651278943
416782593832945716759136842695274381184563279273819654927351468541628937368497125
516749823972835614438612759784956132329471568165328947847563291691284375253197486
326915487147832965958674312295183746871546293634729158789251634462398571513467829
564239187289175634317684529842753916935416872176928345628397451793541268451862793
426713958591842376378956124653289741812374695749165283184627539967538412235491867
873265419926714385415839672358971246249658137761423958634597821582146793197382564
182635749354719682679428135428376951936581274517942863765194328241863597893257416
168739524795426381243851679851963742934172865627584193472318956389645217516297438
432589671719346825685712439546237198923168754871954263364875912197423586258691347
532914678874632519169587243618395427423178956957426381785263194296741835341859762
236947518987512364145863279819724653562391487374658192628475931493186725751239846
287365914536149287914278365172684539658793142349512678421937856765821493893456721
875241396392786415461359782537428961649175238218693547154837629726914853983562174
342175896678429135159863472483296751596781324721534968264317589917658243835942617
357648921694512387281397456763851249415269873928473165176924538532186794849735612
598273461472861593163954827389147652621395784745682319257418936816739245934526178
457213869863459127912768543594821736238697415176534298325186974641975382789342651
521394768839627154467158329913745682782963541645281937274539816398416275156872493
695421783281537964437689152158264379726913845943875621869142537574398216312756498
148537269976812435253964178621798354897345612435126897514689723389271546762453981
451692387982357416376814529524769138197583642863421795235178964648935271719246853
256987431349215687817346295568194372194723856723658914482531769971862543635479128
428691357736245891195387624962154783374968512851723946243879165587416239619532478
689214573432795681517638492963582147871346259245971368358429716124867935796153824
547283619216954738938176452625719384479638521183425967891567243354892176762341895
571498623438261597962357481896574312157823964324619758685732149213945876749186235
725869413384517926691234857258971634136428579479653182943785261567142398812396745
936714258418952763257836149875649312342581976169273485681397524723465891594128637
178426953524973618396581472437259186612348795985617324253794861849165237761832549
952148763867235149341967852479621538635784921218593674524879316793416285186352497
712983465853642197469715238276538941184297653395461782547326819628159374931874526
679241835541738296328965174193526487486397521257814963914683752732159648865472319
139287654572641893684539721863915247725364918491872365358496172216753489947128536
821647359596321847437589126365172984214896735978435261789264513143758692652913478
895132674671548293243697158924753861756814329318926547587369412132475986469281735
451726389269483157387951426146538972938267541725149863872394615613875294594612738
734185962516492873298637514851743629479268135623519487987351246345826791162974358
423569718561387492897214653712943865956821374348756129634195287279638541185472936
541768329983245167672391845798526431136874952425139786364957218857412693219683574
562871934974263581831549627356192748248736195197458362723685419615924873489317256
589731246437256189126948735315429867692873514748615923264587391973162458851394672
637291845452783619198564273815946327329817456764325198983152764276439581541678932
796485312821376594354129867475218936683794125219653748538962471142537689967841253
392416857864795123571823469147352986659184732283679541915268374736541298428937615
846721593735649128192583476354896712928137654671254839583472961217968345469315287
812365947356794821479812356985641732627539418134287569791456283248173695563928174
265974183398152764714386592849513276657248319132697458926735841581429637473861925
784615932296873541153294678539468127467132859812957463341786295925341786678529314
245186973781934265936257814124795386867341592359862741412579638573618429698423157
815679243674532819923841657256397184197485362348126795589763421431258976762914538
926541873153872469847693251315267948268914735794358612582736194479185326631429587
823756914749138265615492738438917526591263847276845193352679481187324659964581372
841769235296385741735412896984153672162897354573624189617948523329576418458231967
861739452749285631532146897428613975913857264675492183197528346354961728286374519
792354816816297453543861297271649538389125674465783129154976382938412765627538941
813745296672983514549126837184392675967518423325674189758269341431857962296431758
814593726239687541765142893451978632683254179972361458198425367527836914346719285
813256794245793618679481253134528976962147385587639421756312849391874562428965137
579346812846192537321587694768251943214938756953674281485723169637819425192465378
184567923596243781732819564329756148815394276467182395943621857278435619651978432
381492576542367819769158423817234695496715382235689741154826937973541268628973154
584796132179523684263841795328915467956374218741268953415632879892157346637489521
674312985298574316135869742961427538523198674487635291846753129719246853352981467
591486237746329185382715649914862573637154928258937416463571892175298364829643751
134785692295361748768492135459123867872946351316857429587234916641579283923618574
468759312591632478723418695146327859275986143389541267934865721852174936617293584
827613495165498327493275186246857913738129654951346872574961238689532741312784569
251836947364791285879524136915483672632179854748265319496358721187642593523917468
923748561671253948854196372538614297147982635269375184712439856495861723386527419
732694851456381792891725463379246185524178936168953247683417529215869374947532618
372859416418362597695147283524916378163578924789234165851693742946725831237481659
465137982832649157179582346954873261216495738387261594691758423528314679743926815
159328647768954312423716598542671983637892154891435726984167235375289461216543879
638951724294637518517482639829316475163574892745298163452163987381749256976825341
426958713785341926391276845874695132913427568562183497259734681148562379637819254
649835172815724396327619854572983461184576923936142785763291548458367219291458637
823946157971825463546371829284657931169283574357419682612534798498762315735198246
574186392918352476632479581145728963827693154396541827263815749489237615751964238
379851246561249783248637951732465198956178324814923675493512867185796432627384519
284651973653978124197423865465317289978542316321896547732165498546289731819734652
846392571571468239392751684153674892467289315928135467735946128289513746614827953
571346298326987541948521673685472319419853726732169854893215467264798135157634982
861495723942738156573261894697314285185926347324587619236859471419672538758143962
419627835287935416563814279356192748972458163841763952734286591125349687698571324
192645837586237941734189256653974182417823569928561374245798613361452798879316425
589236471764581329321794658835462197416978532972153846697845213143627985258319764
531469872986725134724831695249687513857913246613254987378592461495176328162348759
964738152173526948582419736215387469648195273397264581739841625421653897856972314
273856914894127365516394782468213579751489623932675841145968237629731458387542196
215978463796354128438261795964813257521497836387625914872136549153749682649582371
219584763835276914467193258643859127982617435571342689324968571196735842758421396
281957364465138792793624158857213649924876513136549287642391875319785426578462931
341582769296371854587469312125793486938146275674825193852637941419258637763914528
248569731913287645756134892391872564562491387874653129629315478485726913137948256
382947651951862473647153829769431582538279164124685937293518746816724395475396218
687291345431657289295348761163529478749183652528764913916435827352876194874912536
643729185957381264218564379536178942829643517174295638765832491482916753391457826
276459183849137625513862794952614378731285469468793512624378951397521846185946237
562843971439751682871296534687129345914375826325684719146937258758462193293518467
897431256612578439345269871184357962579126348263894715451983627926745183738612594
165327849827941635349856271478513962652498317913762584596184723784235196231679458
254371986938642157761958243347596812816234795592187634183725469429863571675419328
156427893248391567973568412581276934497183625362954178839642751614735289725819346
736149258549782361182635497475961832921853674368427915897314526653278149214596783
374125896685937241192468573426513987958672134713849625567294318849351762231786459
926581734318479265745263819532647981697138542481925673169854327274396158853712496
179842536235169847846375291327954618491786352658213479762531984584697123913428765
195482763263517948487693251712846539859321674634759182328965417541278396976134825
961547238238916475754823961486791523325684197197352684643179852819235746572468319
192536874867294135543187962214379586378652491659418723926841357485723619731965248
769138452541297836823546197475821963982763541316459728658374219194682375237915684
173864529625193487894275631317958264582641793946732158258419376731586942469327815
241358697537169842896742153478291536319685724625437918184573269962814375753926481
216785934593421678784936521345219867928673145167854392652197483471368259839542716
758921634392674581614358279247513896169482357583796412431869725825147963976235148
926145783853267419174893562731452896685719234249386175368521947492678351517934628
451627983793185624628439157374918265216573849589246731147362598932851476865794312
624893157981457236375162894168549723592731648437628519819274365246385971753916482
952418673867239145134576289241753896378691524695842317729165438513984762486327951
891356274623174589754829163976285341538941726142763958365492817417538692289617435
371425896546897231892163475618549723927386154435712968783251649264938517159674382
957864123318952647246371895493517268162438579875296314734125986629783451581649732
592718463384562917167943285251896734976324158438157629723481596649235871815679342
684235971792184356135769284341856792567921438928347165479518623256493817813672549
381742695759618342642539718438165927516297483297384156164823579873951264925476831
581473692346952178972861543469318257235697481817524369753149826698235714124786935
176924583342587691589163472238751964951436728764298315817645239625319847493872156
528947163741623859693158247812765934476391582359482671264839715987514326135276498
751692348862354971349178526493826715617935284528417693135289467286743159974561832
314692875679385241582174936247519683861437529935268417153826794726943158498751362
758612493429783156613594728986135274341279865572846931264958317135427689897361542
413678295527139846689524371892741653364852917175396428746213589258967134931485762
728964153356812794914753268573689412491327685682145379249571836165438927837296541
124536798895712643763849521287694135519273864346158972972381456658427319431965287
821594763754368291936127548218973456395642817647815329173256984462789135589431672
329871564168254793574963821941532678285746139736198452817325946653489217492617385
251978463839461257674532819548397126392614578716825394123789645487156932965243781
453798612769123548182564379516982437394671285278435196931856724647219853825347961
975361248136284759824975163612458397583729614749613582368192475491537826257846931
245738691716952348398641257967513482521486973834279516153824769489367125672195834
186249735235678914947135682591482376723916458468357291612893547354761829879524163
812479563567183492439625817123548976745961238986237145294756381658314729371892654
139752846576894312248361579651438927987125463423679185715986234862543791394217658
178239456263574198549861723927486531615793284834152967782345619356917842491628375
745912836961538274328476519537269481482157963619843752193784625854621397276395148
384629157761538429529147386293861745145792863678354912457213698812976534936485271
698314725372856419451792863869243157235971648147685932913568274724139586586427391
847615329135249786269387451698534172452971638371862594783126945526493817914758263
962783415431956872587142369146278953298635147753419628314827596675391284829564731
386294751472561938591738624854912376729643815613875492268359147135487269947126583
469253781251687439783149256916725843827934165534861972395472618178396524642518397
458276391193584726672931548285649137314857269769123854936712485841395672527468913
691542738723819456584376219179635824352498167468721395835267941946183572217954683
469271358527398146138645279812457693675932481394186725756814932941523867283769514
892571364375864912461329857129458673536197428784632195243716589918245736657983241
653127498742938651819645327584271963237496185961853274425719836398564712176382549
983467125761352948452918367249573681815624793376189452538746219627891534194235876
689341752542798163317562894165279438294183675738654921423917586951826347876435219
934652718652718493187439625379245186548196372261387954796823541423571869815964237
452198637876325149139674528561847392248963751793251486327419865985736214614582973
124976538539814276768352491645129783987543612213768945491635827352487169876291354
451392687632587914897416235915863472763124598248975163374659821589231746126748359
817936524546127938329845761263781459458269173971453682195372846634518297782694315
218495736453786129967231548149328675675914382832657914724169853386572491591843267
697483512534612789182759436815294367279361854346875291428936175761528943953147628
647139528831275694295684317129843756356721849478596132714362985963458271582917463
871643592436925871952817436589732614623194785147568923714386259298451367365279148
941862357683175249275394186427689531198537462536241798362418975714956823859723614
689532741452817369137694258271956834398421675564783192915378426843269517726145983
915823467267541389483697521638175942541289673729436815854912736392764158176358294
769153842342987615185462739237541986958236471416879523571398264824615397693724158
153892746496157328287463591761938254824576913935214867549381672372649185618725439
951674328327589614648312597863297145194865732572431986236958471419726853785143269
681593472792641853345278196978134265423956718156827349567312984219485637834769521
635418729849627513712953648524831967368749251971265384196382475457196832283574196
967832451235419687841576293579168324186324975423795816394251768712683549658947132
758146293231958647946273185815627934367894512429531768182365479573419826694782351
163724589729658314485931276642597138957813642318462957891245763234176895576389421
974518623682379514315246798247963185863157942159824367536492871721685439498731256
715846293963527481842913675438295167159768342627134958386451729594372816271689534
384971625517426398629538471263154789498762513175389264746813952832695147951247836
317564289456298371829137456238946715974815632165372948642781593783659124591423867
753298416982641537164375289398524761621837954475169328239416875517983642846752193
257693148481527396693184527815269473762435981934718265348971652576342819129856734
784231965352694817196857423279468351865913742431725689623189574517346298948572136
178265493634987521925413687761329845259748136483156972842571369597634218316892754
271485693368971245954326187426859731893167524715243968582614379637598412149732856
326985147485176239791432865549623781632718594178594326913247658254861973867359412
923176845865924731174853962718562394456389217239417658381795426592648173647231589
679345281385921476124876593798263145246519837531784629862137954457692318913458762
913627584758394621462581379547216893289453167136879452695142738824735916371968245
738142695294756381615839427563218974871394256429567813182673549956481732347925168
714328956928756314635149278493587162156932487287614593579463821841275639362891745
719245683462839157853176492286954371935712864147368529698421735321587946574693218
819265734275314698346789512682451973493672851751893246538127469924536187167948325
958327461421569378367184952596841723712693845834752619189475236673218594245936187
895462173231789546764351928973815462418627359526934817647198235382546791159273684
425381796931746825768592314379258461182674953546139278617423589293865147854917632
251476839384912657679358421542769318197823564836145972465287193928631745713594286
291748635537962841486351279145623798623879514879415362962534187718296453354187926
462895731751346829398712546639524178187639254245178963824953617516487392973261485
312874659976135824485629371234587196658291743197463285543718962829346517761952438
638192547974365821215874693467539182852641739193728465521986374389457216746213958
516948237247135689398762154164293578932587461785614392451876923673429815829351746
518364297692871354437925816125687439843592671769413582386149725974258163251736948
519237684247168359386594271134925768675483912928671543852719436463852197791346825
524836197317459862869721453653912784148375629792648315936284571271563948485197236
632148597157923846498756231386495172275631489941287653564372918719864325823519764
482791356316485279597263841935672418721834695648159732163548927854927163279316584
463197852581246973729583614945731286837629541216458739672315498158964327394872165
514687329386129745279453186197362458452918673638745912921576834843291567765834291
781326549295784613634159872968547231127863954453291786842915367319678425576432198
458317962369285471127694358891536247234871596576429813785142639612953784943768125
582193476769542138413678259276431985398265714145987362937826541654319827821754693
184596732256783194793241586941625873827139465635874921468912357519367248372458619
459682173378591624261473859913725486724836591586914237847159362635247918192368745
397584162146932758285761493421679835638425917759813624514398276973246581862157349
937416825852973416146852739591327648368594271724168593619745382273681954485239167
827396154964251738153784296571463829349812567286579413632147985718935642495628371
635192478879643215142857963587431692316279584294568731958326147723914856461785329
132678459489521637567349182674213598813795246295864371751936824326487915948152763
392641587871539246465782319184256973736498125529317468258974631613825794947163852
146578392378429651295316487754193826623847519981652743819764235462935178537281964
736418259845927613912563748657139482423875196198246537289751364371694825564382971
924631587837245961651987432295473816716859243483162759378596124149328675562714398
824563719356719284197824563973286451612495378548371926231647895765938142489152637
675413892214978365938265174369821547827549631541736928756384219182697453493152786
317295684984761523265843917476352198892416375153987462529638741638174259741529836
937246185864159273215378964493625817182734659756891342328517496679482531541963728
816957423542631879379248516163529748294783165785416932931864257627195384458372691
345179286189246573726835194412693857568714329937582641894351762653927418271468935
692384517371596842584721396826439175935217468147658239759843621213965784468172953
512476398879135462364298751491527683637841925285369174943752816758614239126983547
871294563932516748456387291768943152514862379329751684187639425245178936693425817
128673945936485712754129683493718256561294378872356491645931827219867534387542169
976854321485321697312697548598462173647139285231785964159278436823546719764913852
645837129821965734739421586154798362973246851268153947312689475596374218487512693
758491623246735918931628475425867391613549287879213564594186732167352849382974156
678913425915642837234578691753286149821439756496157283182365974369724518547891362
395826714182574396746913258429751683863492175517368942238149567954637821671285439
415682793926357184783149256872461539561938472394725861247596318658213947139874625
587149632164273859239865471352698147746321598918457326473986215891532764625714983
912857364837641295654923871593268147248175936761394528189736452426589713375412689
879314265241695837356278419523769184987421653164583792492136578718952346635847921
413759682829461573576238941135947268247386159698125437381594726952673814764812395
621984537347156298895327641952471863413698752768532914186749325579213486234865179
956321874713498256284567931632714598541289367879653142368145729127936485495872613
278315649194876235635942817542781963819463752367529481923658174481237596756194328
816392475247856139359741682465128397721963548983574261134289756678415923592637814
147365982283749516659182743974856231316427859825913674738694125561238497492571368
475831962921476853683925714137549286248617539569382471854193627716254398392768145
234175986169384725587629341792538164658417293413962578976853412845291637321746859
817524936693178245452693718235916487768435129149782563524367891381259674976841352
953648712821957436467231589674519328319782654582364197235876941196423875748195263
281753496359614287674298351897365124143972568562481739738126945416539872925847613
413579286298136745567842139671395824942768513835214697154623978789451362326987451
129346578675918234384752961738265149596471823241893657963587412457129386812634795
365142978298735146174968352536874291981256734427391685752683419649517823813429567
152473896648951237937286154893642715715839642426517983579124368281365479364798521
856723149941568327723149685584912763172635498639874512317296854268457931495381276
153628749872495631469173258734819526298567314615234987981356472346782195527941863
786124539945367218213985764194673852358241697672859143839716425521438976467592381
175893642386542791492176835564731289928654173713928564247365918839217456651489327
384629157957841632621537894715368429438972516269415378872154963193786245546293781
582731469637549218491826357824693571156487923973152684715964832348275196269318745
184693572395721846627584319936842751718965234452317968871439625263158497549276183
839475612165829347274316598457963281981254763326781459542197836698532174713648925
725961843316847295948253761263419578589372614471685329632594187154728936897136452
862934715374651928519728436638592174927146583145873269283415697751369842496287351
436195728215687493879243651587369214362451879194872365621534987753928146948716532
895147632247683591316295784951876423423519876768432915579361248182954367634728159
843975162759261348261483795918357624374628951625149873586712439137594286492836517
164572893325698147789134265547819326836427519912365478253746981691283754478951632
236891547785246913491375862912534786867912354354687291543768129129453678678129435
831764259459182673672359481196475328327816945548293716784631592265948137913527864
835729641947613285126548739382456197461297358579831462613982574794165823258374916
583792146146835927279641853394567218617928435825413769461389572738254691952176384
758329614462815937913467852875291463239546178146783529621938745584672391397154286
598673241376124985421598637865942173137865492249731856914257368652389714783416529
864159237719823654325746891681237945243591786597684123936418572158372469472965318
258193674196472583437865129789256431523914768641387295874631952315729846962548317
652914873843762591719583264285347619964125387137896452421678935398451726576239148
581693472734218659962574138247185396695342781813967524128756943376429815459831267
695872314478613592123594876847325961219786435536149287962431758754968123381257649
895316427143297658726854913479123865632785194518649372387962541951478236264531789
891674352654239187237158694485392716163745928729816435546981273978423561312567849
726134598813592674459678213371245986682913745945867321194756832267381459538429167
342175698168429357579683142637951824281764539954832761815296473496317285723548916
912783645536942781478615239187426953653897124249531876365178492724369518891254367
184379265653142987297856314419638572765214893832795641921587436346921758578463129
754693218619278354283541769498715632167324895325986471542167983836459127971832546
317468295925137486468952371754619832896523714231874569679285143543791628182346957
931745286578326941642891537826154379193267854457983162314579628265418793789632415
145769328893152647762843915579431286426598731381627459954316872217984563638275194
179865342683214975542973168354621789867539421291487653428196537715342896936758214
572184963861239745943567128657493812128675394394812576716348259239756481485921637
926143758583796412417825639742531986851469327639287145294378561375612894168954273
589231647261478935374659281827315469416982573935746128652893714793124856148567392
156398247837241569249657138695712384381465972472839651723986415568124793914573826
864237195329415876157968234548379621671842359293651748916523487735184962482796513
581724639624319758937865142413692587792581463865437291376148925258976314149253876
659724831328561794147839625876195243295347168413682957961473582732958416584216379
973186425562794318148253796319568274287341659456927831895472163734619582621835947
986237154152849637374165982721386495469521378538974216643798521217453869895612743
379261458512498376468735192956124783137859624284673519791386245843512967625947831
934861527517423986628597314376289451851346792492175638763912845249758163185634279
786512439145839672932746815873264591659381724214975386467128953391657248528493167
159624783263798451784531926321867594475319268698245137916482375532176849847953612
693581274271493856845627193937214685184765329562938741319842567726359418458176932
423679158815234769796815324952367481174582693368491572687943215541728936239156847
438257961621894573957316824742169358513748296896532417164923785285471639379685142
265149378197386524834752691726413859381295467549867132453921786612578943978634215
581293476293647518764158239317865924958724361426319857875431692132986745649572183
913245867842697531756831942624318795178954326539762418467183259295476183381529674
824795631195346827673128495752431968986572314341689572537264189468917253219853746
197625348428379165635841729573296814941758236862134597356417982289563471714982653
827143695159672834463985721314268957586794312972531468298456173731829546645317289
564931782213687549978425316157849623439276158682153497841362975796518234325794861
437582619652971348198364275519846732783219456246735981825497163371628594964153827
793582146158674932624391587542163879381927465976845321415736298269418753837259614
415963782782541639693827514327658491869134275154792863538279146976415328241386957
971362485683594127425781369237416958169875243548923716794158632816237594352649871
382657149764189532591324876128576493956843721437912658619735284273468915845291367
678942135451378629392615478836254791147896253925731864789463512564129387213587946
653278194482961735719453286345617829196824357278395641967582413831749562524136978
396718254548269713721453986917325648832694571654871392279186435485932167163547829
143682795675943821928571463564739218789124536312865974236457189851296347497318652
387195246214736985965284371873462159149853627652917438426579813531648792798321564
572398416834176925691542783326487591719253864485619372168934257247865139953721648
516237489973854612428619357784362195169475823235981764697548231342196578851723946
821935746476821395395647128642573819958162473137498562213789654584216937769354281
584269137739814265261357984853726491612493758947581326125948673478632519396175842
467139528892567314513284967634712895158496732279853641381925476726348159945671283
835927164924165738671348592257683941163294875498571623389456217742819356516732489
916452738738169425245387691427931586381645972569728143693814257854276319172593864
164738529723915468589462713356271984978546132241389657812697345637854291495123876
567134829842975136139826475286419753754362981913587264398751642671243598425698317
761598234825143967943276185279314658654789321318652749586927413437861592192435876
854319627796248351123675948532897416618453792947126583271934865369582174485761239
619452378754381269238976415397128546145639827862547931471893652923765184586214793
891632574562847913374519826146298357935176248728453169613785492487921635259364781
392164578451783926876529314128356497539417682764298153985642731247931865613875249
981346275672581394453729816269438751734165982518972463147693528325817649896254137
736921458815476392249583761561839274473652189982147536324798615197265843658314927
976851432145263978328497516469132785832975164517684329294318657651729843783546291
418763952726985143935124867379412586854679231261358479587231694642897315193546728
324895176568147293179236458415762389786319542293458617942681735651973824837524961
369152784571684239428397516213946875754831692986725341137269458842513967695478123
243571896861934572759286134176498253395162487482357961628749315517823649934615728
147958362528346179369271458715439826693582714482617935951724683836195247274863591
376298145891465237425173968187652493962834751543719682258941376734526819619387524
516324798298576341347198562754681923932745186681932475869413257175269834423857619
346192785927854613518673942671425398235987461894316257763541829182769534459238176
592683174836471952471592368284169735913857246657234891368925417745318629129746583
162495837539178462487326915694517328278639154315842679821764593943251786756983241
452769138396182457178345296615498372289673541734521689967254813841936725523817964
456918327918732564237564918765329481341685279829147635572893146694271853183456792
235746819986125743174893652318562497542917368697438125729684531451379286863251974
416523798972681453835497621368175942729834516154269837643752189597318264281946375
975814236481362975632795841518976423243158769796243518827639154164587392359421687
893514672246793581157268439632479815584132796971856243765341928418925367329687154
924386157538127694761549238215834976847965312396271845653412789482793561179658423
851462379296137548734589612925613487687254193143798265369821754412975836578346921
923176845485923761671548329132869457567234918849715236754682193216397584398451672
435982617879615432216437859162593748398746125754128963541379286923864571687251394
379146582286395147145287396763852419524961738891734625652419873437628951918573264
143572689879361245526849371295783164368154927714296538931428756687935412452617893
243791658817365924659482317478139265165274839392658741784523196526917483931846572
581624793437591682692378541915247368268153974743986215854739126129465837376812459
326815749174329568598647123417983256632451897859762431941276385783594612265138974
842316795375489261169725843653891472418237659927564318734958126586172934291643587
351498267847632195269571438512943786634857912978126543796284351125369874483715629
249378561137956284856214937924631758618597342375842196582169473463725819791483625
187542396294361587635897412351276948846913275972485631568739124413628759729154863
758463219243179865169528374591634782827915436436287591685341927314792658972856143
423596187167382945958174362571869423382415679649723518794658231216937854835241796
297635418648179352153482796931857264825964173476213589319748625784526931562391847
128476359957832614346195782435217968281963547679548123894751236562389471713624895
685421973372695184941783562597348621428516739136972458713254896254869317869137245
821973654594681237637425891216754983375819462489236175768342519952167348143598726
816792534395418672247365918729836145658241793431579826184627359963154287572983461
394658172817423659652971843573849216941236785286715934439182567125367498768594321
871965423596243781423781956239876514685419237147532698754398162362154879918627345
137462589482395617965718243621583974753249861849671325514836792278954136396127458
827145369159623874643798152385267491416589237792314685234956718978431526561872943
914356278325847916786921435631485792879162354452793861567238149293514687148679523
571924386238716549964835172482379615396158427715462893647283951823591764159647238
513497268964825731782163459379581624625974813841236597436712985197658342258349176
258193647413726958697845321532619784746358192189274536371982465864531279925467813
513249786278653914469871352395417268642385197781962543124538679956724831837196425
836591247512647893497832516923475681184326759675918432758169324241783965369254178
657492831128763459349518267731825946285946713496137528874351692563289174912674385
867415329941283765325769814659134278784692531132857496276541983598376142413928657
948236751632715849157489362579362418326841975814957236463128597781593624295674183
319826754548739261627154938451372689863591427792648513285417396134965872976283145
257894136968351427413276985392547618576138294841962753789413562635729841124685379
182573694975146283643289517418635729357928461269417835534861972821794356796352148
473698152961572843825413679782364591354981267619725438236157984197846325548239716
198276453375148629624935781946781532731529864582364917269817345853492176417653298
726348195945126873318759642297813456183465927654972318539281764461537289872694531
276341859938765421514298673325614798697832514481579362762983145153426987849157236
875231694426859731913467285261978453359642178748315926594786312137524869682193547
987462531156839427423571698379286154841795263562143879794658312618327945235914786
517863924283954176946271583698537412354126897721489635832695741169742358475318269
412698375539472618876351294345129786698734152721586943187243569963815427254967831
842693751713825496965174823658417932497236518231958647124769385586342179379581264
875463192241798653639125784183279546564381927927654831392516478756842319418937265
856324791947851236123769584618972453392145678475683912589416327261537849734298165
593816724678254193214379865786925341359148672142637589861493257437582916925761438
325781964978654132641239578492176385137598246586342719863915427219467853754823691
437195286125468973689273145873541629594682317216739458768324591941856732352917864
678953412943261578512478639457126983129385746386794251864519327731642895295837164
582196347147835296693742581379421865865973412214658973758214639431569728926387154
984527163362419587571638429459286371617953842238174695726345918843791256195862734
428165397613789542597324816952816473876543921134972658741698235389251764265437189
941587263826143795375692148519826374637459821482731659264918537153274986798365412
398457261176832594425619378754396182832741659619528743287164935963285417541973826
261583794385974621479621835643857912197462358852319476524736189716298543938145267
821746953534819627769235184473591862182467539695382471918623745256974318347158296
173694258629785341845132679961423785587916423432578916216357894358249167794861532
269851743385742619147396825821634957973285461456179382634527198712968534598413276
842591763359768214761342598514927386973685421286413957425136879137859642698274135
527843196698157243314296587769514328235978614481632759853729461146385972972461835
428795316356821947917436852835617429792543168641982735289154673173268594564379281
742819653659327814318546927496135782821764539573982461137458296965273148284691375
863972415194538627275416389346197258728645931951823746637281594412759863589364172
923158647754936812618274359196423785482597163537681924261749538875362491349815276
614978253385241679792653841831764592579832164426195387257389416168427935943516728
213867495479253816658914273321698754845732961967145382732586149594371628186429537
692543187871296534543781269154379826367825491289614753736158942925467318418932675
914653872562178943873294615459827136621539487387461529135982764298746351746315298
956128347823475169741693258289756413364981572517342896195837624678214935432569781
261785439983461275547329681324618957856974123719532864492857316678193542135246798
471396258359827614826514397615432879783169542942785163198643725534271986267958431
459168732631972485728534196315497268942856317876213954194625873587349621263781549
369872514125496387847135692493718265756923148218654973584369721631247859972581436
148596732695723184273814659927165843581347296436289571859631427312478965764952318
261548397493671825875329641736194582148235769952867413524716938389452176617983254
752641839843592761916873452638127594471956328295384617329768145184235976567419283
746893125512764389398512746971248563283956417654371298167439852839125674425687931
926743851317528946584196327639257418251984673478631592192365784865472139743819265
715824396368159274492376158573618942841792635629543817936485721184237569257961483
794853216286917354153246897962538471435721968871469532549672183618394725327185649
246371895785249613391586274158932467937614528624857931879165342512493786463728159
523187964179346852468295731932674185681953247754821693317569428846732519295418376
958261437412739865763584192837125946125946783649873251276458319594317628381692574
571638429948572136362941587194283765287165394653497812729314658435826971816759243
274391865561248739389657142456912378927483651813765294735124986642879513198536427
734289165812645793695317842371954286489726531526138479957462318263871954148593627
462159783538276491791483625617938254325714869849625137954867312183542976276391548
689754213147632859235819467326598174594127386718346592953271648872465931461983725
127348956963175824458926317316789542842513679579264183691452738784631295235897461
548936721196472853327851469762319584951784632483265917275198346819643275634527198
973418625415629738268537194147386952539142876682975413724851369891263547356794281
472689135913752486568143297739428561185367942246915873391574628624831759857296314
238795641917246835564183297621537984845961372379428516456819723193672458782354169
576834912819672435243195687927381546635947821481526793168453279392768154754219368
954218673138697452672354189296845731315976824487132965869423517543761298721589346
438257169695814732172693845583926417947138256216745983329581674751469328864372591
657423981498176253231985647849617325523849176716352894964738512185264739372591468
478526193162937548953148627824653971537891264691274385215489736749365812386712459
987132456624587931135964827316495278879216543452873169261358794748629315593741682
483197562296538417715426839139745286657982341824613795378261954541879623962354178
926173854157489362483265719645928137298731645371546928714392586832657491569814273
716854923425193678983276415572981346641537289839462751254319867197648532368725194
683594721142678395957123648524761983879352164361489572215947836496835217738216459
895734126613529784427618953581496237736251849942387615274163598358972461169845372
869257431257431968314689275425796813673148529981523647196874352548312796732965184
291564378875931642643278915418729536952316487367485129529843761184657293736192854
724613589839524761651879423592361847418792635376458192163285974285947316947136258
613459827975628413248731956396145782457286139821397564184963275769512348532874691
461728953237945168958361724745689312693217485812453697576132849189574236324896571
591827346487396125236451879759214638328965714164738592813642957972583461645179283
243718569518629734976543128154967382769382415382154976691235847835476291427891653
635794281879162354421385679164857932358629147792413865513276498247938516986541723
921678453436215987758934621163459872897123546542867139379541268685392714214786395
436581927981237456275946318198673245564829173327415869743168592852794631619352784
649271853723485169581963472374596218256318794918742635862139547435627981197854326
857241639491536278362879415249758163718963542536124987973412856684395721125687394
392768145568149732417532896739214658156987324824653971671325489243896517985471263
958376142467921835213854976134568729675239481892417563581642397329785614746193258
671825934294637815385914726169258473527349681438176592916583247752491368843762159
769854321418237569532169748674983152193425687825671493951742836246318975387596214
361794258597821346284365197179453682423687519658912734915246873746138925832579461
283659714145783269976124538817235496652941387439867152594378621768512943321496875
329175864456893271817624593594781326138256947762439158285347619971568432643912785
529378416761924358438561927243157869186293574975846132854712693692435781317689245
387649521529187634146523897954768312673214958218395476435871269861952743792436185
194835627358762491627194538869513274532479186471628953745281369916357842283946715
243596817789321654651784932465173289138962745927458163894637521372815496516249378
176589432849237165352614978267945381413728659598163247984372516635891724721456893
973468152568219743142735869896347215731852496254196378485673921627981534319524687
328456791154729386769813245642937518835162479971548632216384957487295163593671824
273489165685172394194653872837214659916735428542896713751948236469327581328561947
912654378745832691386791425571246983493185762268973514824569137657318249139427856
254691387917834526863275941681453279732189465495762813548916732129347658376528194
195624378327581469486739251938275614651943782274168593513497826869352147742816935
963174528817523964524698173459387216681245397372916845798432651135769482246851739
982351647463897512157246398846972135739185264521463879674538921315729486298614753
965274318327189564841653279416397825758421693239865741574932186183746952692518437
367541892854279163921368457598423716246917385173856924719632548482795631635184279
792415836541638297386279451253784619814396725967152384629841573178563942435927168
125763894689241375743985216938417562512396487476528931864159723297634158351872649
938467215546219387271385694694831752315742869782956143863524971427198536159673428
846972513537481692129365478351824769478693125692517834715249386263758941984136257
563879124492315678187462935734198562921756843856243719615934287378521496249687351
614982357938475126572631489725198634843567291196243578357814962489326715261759843
264971538593842167817563429479386251328157694156294783735619842642738915981425376
732169584645287139189345627593672418218493756476518293921734865857926341364851972
824753691376921854519648327683297415742315968195864732238176549957432186461589273
632948715519732648847516293381694572965287134274153986793425861128369457456871329
825314967713956248649782351231468579564197823978523416197845632482631795356279184
347918625568327149192654873689243517735196284214875936856431792421769358973582461
652491387347826951819357246426719835193685472785243169534162798971538624268974513
793165428846329157251487639324718965518296743679534812932671584467853291185942376
975348612138962547624175839743526198591783264862491375387214956456839721219657483
415893627637214598928675341392586714156749832784321965261958473849137256573462189
628351749573429861941678532835296174467513928192784653284165397359847216716932485
741365892385492716269718345536849127917623458428571639173956284652184973894237561
917548326648237519532916748129673854754189263386452971495321687861795432273864195
456327981798154632213896547682419375975632814134785296867543129521978463349261758
913827456652413897847956213361784925274539681598162734126378549485691372739245168
475891236312654789698237145253189467967423518184765923529318674841976352736542891
568324917319587246724916358281495763476831529935672184643159872197268435852743691
238967154516243978497851623953418762684572319172396485369785241745129836821634597
295768431678143925143592678967485213524316897831279546359821764412657389786934152
917426835643598127528713946189274653236185479754639218362947581891352764475861392
541738962283961745769542183417823596652497831938615274376259418195384627824176359
245786913631429857897135642168572439374891526529643781486317295953268174712954368
264378915318695472957241863426813597175962348893754126639187254742539681581426739
937156842125478369864293157513982674478635291692714583786341925359827416241569738
431869725576132948829547163745698312698321457312475896184253679953716284267984531
924386157153794628876125394519432786682917543437658219765841932298563471341279865
571389426689274351324165897913746285268513749745928613832691574157432968496857132
712459836463728951895163724578694213126537498934281567359876142647912385281345679
813462759764159238295873416376285194129634587548791623631927845982546371457318962
832947615471562389659831274396124758145786923287395146568279431923418567714653892
278614953349825671156379482627981534581743296493256718962137845835492167714568329
632847591984516273175239846241673958759128364863495712497381625518762439326954187
781925463465713892239648157193857246654132978827469315578294631346581729912376584
935621847612874359748359162894567231126943578573218694361792485287435916459186723
925763841134928657867541293372159468689432175541876932256314789493287516718695324
643528791851947263972136548367284159528391476194675832285769314739412685416853927
671983524582467139943512876134628795826759341795341268357194682219876453468235917
571326849384597162692148753163489275458712936927635481215873694839264517746951328
647891235352647891189523476524938617861475923793162584216359748478216359935784162
368794125749152368512863974673925481125487693894631257487219536236548719951376842
295746183418932765367185492782451936143869257956327814821673549539214678674598321
932147568185629374674358192893416725216975843457832916561784239748293651329561487
819423756572698431436571298241765389368149527795382164653814972984257613127936845
791836425435127986826945173652791834348652719179384652583479261917263548264518397
592376148467821935318549762721683459684957213935412687156298374243765891879134526
328157946567493821914826753182564397759312468643978512235689174496731285871245639
784329651365418279291675843648951327579236184132784965823147596416592738957863412
763815924281479563594632187346987251175326849928154736652741398819563472437298615
392578164861234597547961382953127846416389725728645913279856431135492678684713259
145789623627314895938265714593627148216548937784931562379456281862173459451892376
254897136168523974937461528895314762476982351321756849682175493549638217713249685
952347168618529374374186925165478293283695741749231856597863412821754639436912587
739485612541627389628931457273168594916542873854793126392814765165379248487256931
537194862142386759968275431381642975275938146694517283856721394713469528429853617
459183726367245918812769354741826539623597481985314267236471895178952643594638172
683425719427913658591876243816392574259764831374158962768231495145689327932547186
124836759765294318398571462941352876276148593583967241437689125819425637652713984
692453718534718692781296435325974186418635927976821354857369241243187569169542873
689437251321695874475812693156789432237154968894326715918263547543978126762541389
798342561653189472214576389327498156146753298589261743835924617461837925972615834
849263517623715894751498623562137948318549276974682351286974135197356482435821769
687431259139528476452679318543192687728356941961784532314967825895213764276845193
365947281471258693892316547256791438938465172147823956513679824684532719729184365
726435981458179623391682574519263748873594162264718395147326859932857416685941237
385129674967584132214367859528716493731948265496253718643891527172435986859672341
451768293389254167627139584748621935195843672236597841814975326963412758572386419
138459627954726381672318945317864259495271863826935174583697412769142538241583796
391428576284675931567139842659312487713846259842957613978561324135294768426783195
519276438263984571847315269756428193382791645194653782435862917671539824928147356
318769425256843197749521683627438519483915762195672348962157834534286971871394256
372168495641259387598743261923871546485926173716435928859614732167392854234587619
792485136456713289381692574178534962263971845549268317635149728914827653827356491
814752639763891524529634871391285746652147398478369215246513987187926453935478162
347162895195834627286795431813976254459328176672451983524683719968517342731249568
472681593631957284985243617749136852318425769526798341854379126197562438263814975
815927346672314589934685217267158493491263875583749162748592631326471958159836724
234891675698537421715246983143765892579482316862319754986124537327658149451973268
953617824718423659462985713345176298876259431129834576234798165587361942691542387
657293148183647952924851637876514329341926875295378416769432581418765293532189764
763152849419783256285469713394218675621574938857936124532691487176845392948327561
472193586631485972598276431253764198817359264946821357329648715765912843184537629
932186754417532968658794123249865371581973246763421589376218495125649837894357612
135847296697321548842956173263714859478593621519268437351489762726135984984672315
341256978796813452258497316812965734679134825534782169423579681165348297987621543
615438972394172658728956143862597314137624589549813267971245836456389721283761495
928456731371892546465371982612784395753129468894635127546918273187243659239567814
152369784397485612486271395745892136639147258821653947268914573513728469974536821
248693571765218943139475628876354219513927486924861357351749862482136795697582134
481739526356248917972561834813924675549617283267385491128453769695172348734896152
568743219294851736731629854127596483853274691946138572415382967382967145679415328
983742615645831279172695384236958741418367952597124863754289136869513427321476598
346592187912784653875136429591867234268943571437251968123475896784629315659318742
517684923843259761962137458156423879384976512729518346238765194695841237471392685
648913257579682314231745689785436921962871435314259768826194573193567842457328196
235971468916845237748236159352714986679582314481693572564327891827159643193468725
936852174254716938718493526682539741379241685541678293893125467465987312127364859
385462197946317258271589364528673941613294875794158632162945783437826519859731426
925631748638274915147859632781596423456327189392418576564182397873945261219763854
876415932231968475459723681918574326643892517725136894397651248582347169164289753
145372986368915247297468153729586431536124879481739562973841625654297318812653794
823716459567349218194852376379468125481925637652137984935284761718693542246571893
526831479491567328783429561165248793874193652932675184359712846248356917617984235
251893476386427195974615823897254361625381749143769582732546918518972634469138257
491278356735164289268593714319826547587431692642759831823917465174685923956342178
392784615856321794741965832189257463427613958563849271938572146674138529215496387
243675981618293457975184263789512634136948725524736198452861379891327546367459812
635918724418372695279456318947235861183697542526841937762189453351764289894523176
657438912928651437134279856371592648245386791869714523796143285583927164412865379
782439561513276849496158732159823674267514398348967215621345987974682153835791426
745862319382719654916435827179658243634297185258143976597321468861974532423586791
895342617412967385376158249964283751751694832238571496187429563523816974649735128
138429675264375819759861324941283567876154932523697148695732481317548296482916753
146527893975384261238916745693458127481732659752691384867149532329875416514263978
431726958975843261268195734392617485754238196816954372643572819187469523529381647
523486179497125683861793452674539821239618547158247396386974215915862734742351968
145826973639571842287493561451968327392715684768234159813642795926357418574189236
426837591978215364513694287641782935837549126295163478764921853359478612182356749
892154763567823194431967528628371945153649872749582631376218459984735216215496387
694187352152346789837259461465938127219475638783612945548793216921564873376821594
174562983825931467936748521352479618798156234641823795519684372267315849483297156
421897635375416298896352741539178462182649357647523819918234576253761984764985123
143895726872641935659237814428963571716582493935174268587319642364728159291456387
896127435352849716147563289528934167463715892971682354719458623634291578285376941
319275648847916325562384917756142839194538276238769451985421763623857194471693582
726854319583169742491723658217395486354681927968472531645217893832946175179538264
653128749149756328872439651795843216436912587218675934384567192927381465561294873
781962543453718926269435817942687351375149268816253794594371682638524179127896435
974625831386179245125483967853742619642391758791568324267954183538217496419836572
176942538423785619985316472267539184534128796891674253352861947618497325749253861
425986137867531924319274865531628749296147358748395612683752491954813276172469583
196538427728941356543672891617894235452317689839256714985463172374125968261789543
981673425263459178457281369679814253315762984824935716548197632732546891196328547
312987564548361927796425183127846359953712846864539271289673415631254798475198632
731926845268543179945817623152794386379681452486352791697435218814269537523178964
635841972928735641741926835364519728819274563257683419172498356583167294496352187
257936148849157632316428759168574293734692581925813467471385926682749315593261874
219847635783569214456213789325481976948756123671392548537924861194678352862135497
569841372174352896283697415618235749742916583395478621956184237837529164421763958
928754631653189427471362895169547382584923716732816954217438569846295173395671248
146875293283914756975623418397452861428169537561738942614297385759386124832541679
846725913539418276271963584154239768693871452728654139362547891485196327917382645
357942816216587943894613527439751268521896374768324195972435681685179432143268759
924617835576893412183245769458739126317562984692184357849356271761428593235971648
986157432721348965435962817674231589213589746598674123852493671167825394349716258
736918452295346817184572639657891324312764985849253761428137596961485273573629148
437629518968541723152387649571236984389415276624978351846792135215863497793154862
236754189849231765571986423493875612685412397127693548718569234962347851354128976
268794135157863492439521876673915248824376519915482367746158923591237684382649751
981752364675438192432961578159827436248396751367514289826173945794285613513649827
549217683823546791617839254135972846762458139498163527284691375976325418351784962
295786143876134925314295687768419352942573816531862479159328764627941538483657291
395128647468375291172649385641983572759412836283756914527831469934567128816294753
685437129794612853312985476859143267437268915261759348926371584573824691148596732
285734916647189532391625874714296358952843761863571249579468123136952487428317695
624783915897615432513294867361847529285961374479532681746329158158476293932158746
425971863867453912913862547742589136531246789698137254259314678386725491174698325
578691423192473865643528971817364592359812647264759318731986254985247136426135789
689234751145976238732581964954318627361752849278469513896145372423697185517823496
795846312231975468468123579852719634976432185143658297314597826627384951589261743
479583216523146789186792534317468925954271368862359471291635847645827193738914652
628513479715964238493827615984236157561479823372185964259341786837692541146758392
976518423254763981813924567327695814189247356645831792791352648532486179468179235
496752813132498765758613924987241356314865297265379481629137548543986172871524639
328947156194265738756183924279836541613459287485721369831692475567314892942578613
194327568356814792782695341975146283263789154841253679538472916429561837617938425
786354291352916784914728536243681975671593428598247613165879342837462159429135867
468523179392617485517948236124795368789361524635482791851236947246179853973854612
659124738783695142142738956375281694426957381891346275934562817218473569567819423
964235187237918465815476392359862714748193526126754938573629841492581673681347259
721963584946578123538142769492856371385719246617234958164325897279481635853697412
721983654895246731364751829432869175976135248518472963143697582287514396659328417
632985714758431962941267853164852397395674281827319546519726438473198625286543179
391572468584631279762984351418267593635819742279453816827195634956348127143726985
716528493928437561345169287687941352291753648534286719469872135173695824852314976
548371692361294578927658314786945123439712856152863947214586739693127485875439261
618475239374219685529683471946721358753894126182356947291537864867942513435168792
549817236783926451621354798894163527372485619165279843937642185216598374458731962
649712538175348926823659714967183245451926387382574169216897453734265891598431672
826457931913628745457913682375289164268174593149365278534791826782536419691842357
136475289489236157257189463572318946813964572964752318391847625648523791725691834
957314862283675914416829357394562178572183649168947523739456281621798435845231796
423856179865197234179342658214973865987625413536481927641739582358214796792568341
825174396934658172761932485349725861517896234682341957478513629296487513153269748
861245739372896451594317286257634918149578362683129574736482195418953627925761843
197462385653981742248573961526197438731846259489325176962738514875214693314659827
349817562618925437725346198562473981437189256981652743853291674176534829294768315
628137549139458762754962381491376258286519437375284916567893124812745693943621875
983271456517436928246985713431892567758614239692357841829563174164729385375148692
328496157594817362617235498152763984476958213839124576945672831261389745783541629
851376492694152837723849156915687324248913675376524981189765243467238519532491768
672954183149378256385612497954231678726485931813796542531869724467523819298147365
564832791931765428287194653856917234143526987729348516695483172478251369312679845
173492568926875431854361297349156782715238946682947315468529173297613854531784629
951374268483162975627958143145726389278439516369581724716893452834215697592647831
935124678276893514841756293714539826328467159569281437192348765687915342453672981
478613925653249871192857634826735419517498362349126758985362147231974586764581293
592487136834169725671532498186324579923758614457916283215843967768295341349671852
697412835815973264234586791763159482948267153521834679382691547476325918159748326
471892536896735412352416978924163785783549621615278394567381249149627853238954167
963281547274563918851974263698345172315792684742618395127456839436829751589137426
467831592935267841182495367328749615716352489549186723874923156251678934693514278
789316245213549768654872193837695421192487536465123879521964387978231654346758912
825194736741632985693785412172469358564318279389527164937846521218953647456271893
579318462234659187816472359645137298382594716791286543157963824928741635463825971
927158346385674192146923578459812637263497851718536429694285713872341965531769284
769834512812795643543216789695421378481357926327968451176583294234179865958642137
348219756527486931619735824871924365935861472264573198483657219752198643196342587
654182793892637154137954682941523867563879241728461539289745316316298475475316928
641578329238914657957623841785169432163842795492735186519487263374296518826351974
365492871712853964849716253278149536536278419194635782687324195453981627921567348
367294185892516734154387926719632458285941367436875291521469873948753612673128549
794358261562419837138762945413276589657984312289135674325647198971823456846591723
497321865832465179516978423728149356951683247643257981279514638365892714184736592
432791856891456723567328149759283461213647985684519237975864312128935674346172598
653721489428395167179468253897516342236974518514283976945637821782149635361852794
857391642194762583632458971316284795948573126275916834469127358783645219521839467
695287143781345629324916857542831976837692415169754238978423561256178394413569782
162573984839264751574918362795421638418637529326895147643189275987352416251746893
539427186246518793718936524821364975675189432394275618483691257957842361162753849
529436187163782954874159326631298475487315692952674813746821539398547261215963748
875496321426831759391572684163289547749615832258347916614953278937128465582764193
847296315691573248325418976278965134153784629469321587532849761786152493914637852
395721684824569137716483529538976412972814356641235798183697245257348961469152873
916758342425163789387492561843615297792384615561927834634579128259831476178246953
367519248145628973928437651872963514619845732453172896781356429594281367236794185
521864973387195246694723518738452691459316827162978354876249135943581762215637489
645837291189256743327419586231764958894521367576983124712645839453198672968372415
418965237536712498297384156769841325154623879382597641641259783923178564875436912
427915836193687542658432197975843621216759483834126975762598314381264759549371268
164389527973625148528417936739841265642953871851276493485732619297168354316594782
795821634162493758834567219326754891958312476471689523683175942247938165519246387
568793124271648935943215687692351478187429563354867291719586342826134759435972816
176539824893246517452187693649328175285761439731495268518972346367814952924653781
657421983823967415149583267214376598398215674576849321462758139731694852985132746
263748159574916328819352764658491237792563481341287695936175842487629513125834976
537862914469351782821974536296418375345697821178523649752186493683249157914735268
376419258594728136182356947647582391921643785835197624759831462463275819218964573
749253681635718249812469735923186574187345926456972813378691452561824397294537168
459316287623798154781542963372185496198634572564279831936821745815467329247953618
859714326134296875276385491561849732397652184482173569725931648613428957948567213
516374892493268175287519643672143958839657214154982367728496531365721489941835726
235497861964218573187653942872146395391725486546839217428571639619382754753964128
478316259352749168196285743534821697627953814819467325741698532263574981985132476
734186592216549738589237461948312657162754983375968214857493126493621875621875349
941283567687954213235176948198735426762498351354621789426317895579862134813549672
962853471531476982748129365619284537427635819385917624193748256254361798876592143
983561724562374918714289536325896471476153892198742653247918365651437289839625147
519746382468253179723918456196825734284137965357694821871462593645389217932571648
691723584547861392832495167285937641163254879974618235718342956429586713356179428
476392158591648273382751649618925437243187965759463812967234581834519726125876394
298374516351826947764951238547213689682549371913768425835192764176435892429687153
147365829986472351235819647513728964472956183869143275758631492621594738394287516
865371942973284561421956783612437895784195326539628174356749218247813659198562437
432985617798614532561327489214863975653279148879451263147598326986132754325746891
657819432981423657243765819194572368572386941836194275329651784418937526765248193
937682451518439672426175398789216543651743289243958716395867124864521937172394865
423719865578623941961548327145896732637254198892137456719462583356981274284375619
721639584965748231348251769179482356854376912236915847582194673617523498493867125
419325687862174953375689421193567842658412739724893165587241396241936578936758214
841732569735691248926485137259863714463179852178524396384256971512947683697318425
294583761381746592765219348612975834857324916943168275178432659429657183536891427
316479528472568913985312674634825791859741362127693485241956837593287146768134259
745632918328179645196485732512764893983251476674398251437526189259817364861943527
173452698428619537695873142369587214854261379712934856986345721547126983231798465
691438275745912863823576914564187329289653147137294658918725436472369581356841792
541796238678213495239548716752139684863452971194867523426981357317625849985374162
529816437418375962367294518682547193795132846134968275246759381873421659951683724
472819356813456972569372841748623519391785264256941783985264137627138495134597628
158432796439761528276589341764923815395178264812645937981354672623817459547296183
489215376257638149163479528615947283324186957798523461572891634936754812841362795
841967235637425918259381674795234186164859327328716549913578462486192753572643891
641582793579314682328967541413796258795248316286153974954631827862475139137829465
327819645654732189918456723781694352436285971592371864269147538845963217173528496
849157263137624958652938147378542691521369874964871325293785416716493582485216739
429538617657912843831476952318625794962784135574193268186357429743269581295841376
735968421218437596649152783594786132326591847187243965972314658463875219851629374
793856412461723958258419367875964123624138579139572684346285791512397846987641235
573914862962758134418362759789245316135679248246831597691527483357486921824193675
296453178831267459754981632475892361689135247123674985568319724947526813312748596
685297341947513826123684957379468215812375694564129783296741538438956172751832469
293751864681324579475869213836195427542678391917243685328417956169532748754986132
729365814418972653365814792231649578654738921987521346543296187872153469196487235
412389765795614238863725941247956183689173452351842697136597824974238516528461379
218639457734512869965478213376145928149286375852397641623951784481723596597864132
189276345457893126362154789741962853536481297298537614975328461624719538813645972
398175264157246938642983517276534891983712645514698723429357186865421379731869452
217389564368425791945671823834597612796214358521836479153742986689153247472968135
924835671876214935315769248742658193589371462631492587157986324493127856268543719
367849512928156473154372968645798231813425796792613845276981354539264187481537629
754328691623419875891567432419285367268734519537691284186952743942873156375146928
485312976379468512261579483914285637538697124627143895896724351152836749743951268
534789612698215743271364859416823975753941268829576431387652194165498327942137586
453869217289147635176253498598734126312586749764912853825691374637425981941378562
243175896861493527579268431724859613635714289198326745352987164987641352416532978
687315429319274658524986137791452863865793241432861795148639572976528314253147986
764238915192465387385179642479516238836927154251384796547693821918742563623851479
657319284298564317341827956185936742439278561726145839864752193912483675573691428
561893724274165983893274651487326519156987432932451876349518267728639145615742398
941562837756138492382794651574389216163275984829416375297841563635927148418653729
153679482426185379897342615631827594982564731574931826318496257269758143745213968
675941283439258176128736945897125364356479821214683597962314758543897612781562439
297435186645281937318769524569374218731892465824156379176543892952618743483927651
418729635569413278327586941142658793673291584895347162931872456784165329256934817
748132659296845173531679842984213765153786294672954318325461987467398521819527436
673195248425683791189274365246839517938517426751426983897362154512748639364951872
365742189849561273712983465286419537453278916197356824534127698671895342928634751
413962578569387214728514639841679325352148967976235481197423856634851792285796143
137962854842513796695748132723185649958426317416379285564231978271894563389657421
965342817327168945184759632236417598748695321519283476472536189693821754851974263
653479281274851639981326475397684512862513947415792368139247856526138794748965123
136452897527986134894371265378215649641839572952647318465198723719523486283764951
619278453325694187847513296972841365468352719531769824794126538186435972253987641
534178269812569734967432518148953672379624185256781943721845396685397421493216857
624913857395867142178425639746198523253746918981532764437659281519284376862371495
465329817129678435837145296316587942742961358958432671283714569574896123691253784
654289713132764589879531426318975264927416358465823197793652841241398675586147932
247896135398125674561437298784651923125973846639248751412369587956784312873512469
653189427481752369792436518864913752935274681127865943276341895518697234349528176
361527498492681357578493621987265134623814975145379286716938542834152769259746813
572941683681372459493586721956237148247158936318694275869423517725819364134765892
468539217592617843137248695981463752324795186675821934253986471816374529749152368
824369175137548629596271483978432516462157398315986742743825961689713254251694837
764318259238954176915726384652897413349165728871243965187639542523481697496572831
526483197791562834384791652647825913935147286218936475469358721152679348873214569
714328695835694172269175348681932457342751869597486231123567984456819723978243516
463912875279568134158374296327685419584129763916743528895231647731456982642897351
426189375357264918819375426641928537735416892298537164583792641162843759974651283
946751832713982645825364179371496528698523417254178396532619784469837251187245963
876391425341528967295476318784632159529184736163957284958713642632849571417265893
139826745678549213425317869894275136261938574357164982782653491546791328913482657
754912683983456127261387549839261754526749831147538296372695418415873962698124375
632841597594376281781592634357468912168925473429713856815634729276189345943257168
264197358175483926389256714851632497796514832432879165628341579517968243943725681
394216857751398426628574931846923715275481693139657248487139562912765384563842179
854963271316752894927841536241578369563219748798436152489325617175684923632197485
256738941391624578748951632987346125415892763623517894862475319534169287179283456
391864257247951386856732914769348125482516739513279468128697543934185672675423891
367245189128796453954381762532867941419523678876914235745132896681459327293678514
129536847376894512458172639247683195681259473593417268914325786762948351835761924
415926387986735412723814659691482735348657921257193864562379148839541276174268593
248513976739846215651972834864759123572134689913268457126397548487625391395481762
317295468962481753485376921236714895759863142841529376123957684698142537574638219
985364127261798435374251968456927813897143256132586794749615382523879641618432579
675429381381756429492813675869271534724635918153984267247568193518392746936147852
327615894846973215951284367495321678163748529278569143619857432782436951534192786
657812394821349765439765182216598437574236918398174526963427851145683279782951643
624583197157649823398712645216954738475368219839271456543826971961437582782195364
749362851125894637368175492954637128216489375873251964587943216691528743432716589
235847619481963752679251438362584197918732564547196283126378945894625371753419826
358174296461592387279368541726483159814957632935216478592841763147639825683725914
179824563534761298862539174346915827217386459985472316698253741423197685751648932
576238419921647538834195762713856294265419387498723156382971645657384921149562873
197386542632745819854291376971438625326957184548162793763824951215679438489513267
367914852549823176218567439954638721182795364673241985731456298426389517895172643
469581723782463591135297846928376154576914238341852679897135462253648917614729385
974163582538429167261875934496382751713956428852741693129637845645218379387594216
964582137785143692231679485697234851413857269528916743149328576856791324372465918
742531968159486327386927541513872496694315872827694135461753289238169754975248613
468715239537429816219638547753196482621584793984273651145962378896357124372841965
764318592193542687258697314629431758581276439437985261876154923315729846942863175
357642198628719345149385627295178436483256719761934582874523961912467853536891274
416392587279548631583671429351726894742859316968413752134987265625134978897265143
721593468543678129689241735872139546965824317134765892498352671217486953356917284
158694372347825196296137584769541238421389765835762419972416853584973621613258947
251874369374691852869532471795168234413257986628943517932786145547319628186425793
731695842542138976896724531628457193417963258359812467263541789185379624974286315
145932867938746521627815394879251436462378159513469278781623945296584713354197682
473185269586927413921634857769841532214593786835276194357419628192768345648352971
284593167967281453513467829895746312436912785721835694142679538358124976679358241
125437986698125743734968512286719354957843261341256879813672495569384127472591638
152978436637421859984635271521847693846319725379256148495162387763584912218793564
682471953391586274547329861934167528815293647726845319168732495459618732273954186
825416397671935284349827156256793841413682579987541623732159468168274935594368712
892357614413826795756941382684795123931462578527183469168539247245678931379214856
723841695481956327659723814147532968398674152562198473216485739875319246934267581
743896512592731846618425739286974153359218674471653928865142397127369485934587261
184736925935218647267594138429653781718942356356871294571429863642387519893165472
312867459489352716765941238193526874627438591548179623854213967971685342236794185
874561932351927648926438751413856297268379514597214863682193475735642189149785326
824756193195384726736291845941623578287415369563978214672539481319847652458162937
126943875538167492947582136271496358394258761865731924789624513613875249452319687
829461753316587924547392816281735649765948231934216587198623475672154398453879162
156423798827619453394857126641398275239574681578162934783241569462985317915736842
648572931257193468913846257829351674731964582564728319382619745476285193195437826
243918765869574123517263849986457231452136987371829456728395614195642378634781592
184962753276534198539187426491358672327649815658721349712896534843215967965473281
198572634726834519354961728569317842872649351431285976943158267215796483687423195
865179324419235687327486519581762493946351278732894156278613945193548762654927831
749185326638924715512637984497316852165278439283459671921863547356742198874591263
574691328238574691196823457962147835347285916851369274783412569629758143415936782
218467395543289716796351824427138569835694172169572483371946258652813947984725631
451297863783465921962318457819732546234856179576149238395684712128573694647921385
514967382789123456362548719831495267426871935975236841653789124147352698298614573
873154926469287153521369487638721549795648231214593678946875312357912864182436795
431287695765394218289516437653142879874963152912758346148675923397821564526439781
261975438397428615854361927178294356429536871635817249583749162946152783712683594
294783165685421739317569284873296451526148973149375826951832647462957318738614592
146328597723945816895167234481576329357492168962831745574219683619783452238654971
895213674462975831317684952576439218243851796981762345659348127734126589128597463
796832514542971638831564927659783241128496753473215869914658372267349185385127496
378259416924613785561784239412937568756128394893546172649375821187462953235891647
163842975298357146574691382431275869859463217627189534782516493915734628346928751
752431689691728345843596721586312974927864153314975862178243596239657418465189237
673219845189456723245738691398165274416872539527943186954627318832591467761384952
854721693369854271712693458981365724537142869246978135673419582495286317128537946
578943612942761385163528947621837459395614278487295163734159826816372594259486731
348729165267154389195386472651492738972813546834567921416978253729635814583241697
849561327125783496376492815934158672582976143617324589451239768263817954798645231
294658137578391264361724895426185973857936421139247658945863712782519346613472589
378629541615438729249175638581396274967241385432587916126853497893764152754912863
231659478748321659569847312697412835185936724423785196916578243874293561352164987
824315967193768245657249381548173629716892453932456178475631892261987534389524716
465982173319746852287135496846297531153468927792351684578613249921574368634829715
916283574357469281248157693594832167782615439631974852475326918823591746169748325
153479826764182953928563471819746532647235189235918764391827645582694317476351298
215789364469135728378642195957321846123864579846957231594213687782596413631478952
625417983487639512193852674738146295914285367256793148549371826861524739372968451
541963782729548361386127549975316824234789615168452937697234158413895276852671493
879314562312657849546928713495832176283176495167495328721563984954281637638749251
782463915416598372935172468359681724864927531127354689291746853578239146643815297
752984361438216795961375482127649538695832174384157926879521643216493857543768219
845123796267958143391467852652791438984536217173284965739642581426815379518379624
952384671763951428184672539315829764476135982829746315537418296291567843648293157
863724519492153876751896432678231954215489763934675281129567348347918625586342197
857194263294365187361872945426789351573621498918453726782936514139548672645217839
143625789682497351975831426839746512721359864456218973218974635364582197597163248
